policy,calm,particle,flux,thermal,threshold,action_source
context_alert_bandit_t0p5,8,19,29,12,0.5,validation
